  #        sub       film     vm%    eps1%    eps2%   NatSub   NatFil  notes
--------------------------------------------------------------------------------
  1    (1,1,1)    (1,1,2)    2.68     1.07     3.05       38      396  OK
  2    (1,1,0)    (1,1,2)    2.68     1.07     3.05       38      396  OK
  3    (1,0,0)    (1,1,2)    2.68     1.07     3.05       38      396  OK
  4    (2,2,1)    (1,1,2)    2.68     1.07     3.05       38      396  OK
  5    (2,1,1)    (1,1,2)    2.68     1.07     3.05       38      396  OK
  6    (2,1,0)    (1,1,2)    2.68     1.07     3.05       38      396  OK
  7    (1,1,1)    (1,1,2)    2.79    -0.18     2.69       34      360  OK
  8    (1,1,0)    (1,1,2)    2.79    -0.18     2.69       34      360  OK
  9    (1,0,0)    (1,1,2)    2.79    -0.18     2.69       34      360  OK
 10    (2,2,1)    (1,1,2)    2.79    -0.18     2.69       34      360  OK
 11    (2,1,1)    (1,1,2)    2.79    -0.18     2.69       34      360  OK
 12    (2,1,0)    (1,1,2)    2.79    -0.18     2.69       34      360  OK
 13    (1,1,1)    (1,1,2)    3.29     0.06     3.31       24      252  OK
 14    (1,1,0)    (1,1,2)    3.29     0.06     3.31       24      252  OK
 15    (1,0,0)    (1,1,2)    3.29     0.06     3.31       24      252  OK
 16    (2,2,1)    (1,1,2)    3.29     0.06     3.31       24      252  OK
 17    (2,1,1)    (1,1,2)    3.29     0.06     3.31       24      252  OK
 18    (2,1,0)    (1,1,2)    3.29     0.06     3.31       24      252  OK
 19    (1,1,1)    (1,1,2)    3.70    -1.86     2.40       40      432  OK
 20    (1,1,0)    (1,1,2)    3.70    -1.86     2.40       40      432  OK